4709
20823
53108
61550
14963
13386
22743
9507
4129
7923
24903
60542
40338
29272
18439
727
36768
39410
64744
52660
4828
6166
7856
37544
24980
15794
37250
50272
7988
18349
50324
12697
39172
37896
8711
54135
51283
31454
63642
55412
39377
23010
50418
14180
52282
3321
14907
23514
42731
14115
10638
47559
20281
18494
19567
45261
34288
56818
29998
42276
9631
14786
54974
48803
52682
63685
37402
38429
29604
35509
28305
3445
58519
13187
17625
45265
16509
32532
3244
59240
46647
13882
41264
1393
32377
60831
46654
1129
52113
11116
43406
61744
25902
32844
45011
13049
30993
16878
51478
60597
52387
14248
64043
45370
27435
16132
25099
43944
48665
28343
37649
29776
42226
13377
31169
9067
8672
12288
10196
60786
23404
53602
56994
49307
20910
36470
62356
51904
53348
48298
46965
40199
62546
45472
20033
24446
61605
45132
2854
44734
7940
40503
8974
50166
53880
40144
59233
62553
52432
3893
57803
10300
57496
49261
59607
12870
20195
56427
64774
8007
39190
46204
48206
36200
26140
2703
60646
22209
47836
63501
1407
55776
38468
10382
40406
26813
50526
34103
23830
37422
37996
16097
47722
29956
65358
41794
42827
20018
32685
42065
28025
6339
22733
10696
42540
48874
13399
37650
5547
61235
35615
6955
51475
8548
17337
26345
35361
2327
60448
59191
39749
32909
9752
21935
62865
9574
63729
40156
29592
30879
16686
57618
37218
39419
2778
14222
22757
16177
51873
28305
11877
21952
35260
63352
30500
52597
24162
325
54924
19074
59516
29137
51983
3732
51072
49313
13307
49266
23933
42899
14609
40619
34981
51827
14503
37759
514
37260
53937
52387
29
278
8803
35289
63630
39304
22350
22256
39629
11738
41331
33610
40875
27778
37342
26412
11555
50649
10142
35489
28013
24751
10572
62994
11042
25075
35218
11556
62336
23619
63943
62365
23897
7211
32119
21991
46515
54469
44248
20608
672
20043
54218
41547
47821
26025
2423
59377
11138
12565
29330
39151
37316
39902
36610
48359
64978
6292
59915
61778
29911
58323
58607
53808
65534
25190
10263
46513
14124
54511
1585
14796
9018
55804
56343
56840
16293
58767
50681
27431
5796
14475
1047
43113
54377
37657
25936
53819
43949
20315
50061
8324
13102
43133
62132
13100
2787
6859
59613
16911
61371
61199
31707
4853
51467
22515
61693
2224
15746
46838
29655
21542
61313
30702
64655
50155
2823
25055
38438
46772
45371
22964
55096
58473
561
51692
6038
3348
58552
115
20260
54387
61314
51967
59240
47245
8946
55398
49469
24692
36700
13589
46235
32478
44291
45354
17097
47115
4874
55535
28351
50245
12963
17912
43182
13524
4068
49220
16873
62620
49336
37133
51471
45114
23564
45176
26824
32511
35038
10757
57203
6202
24346
37902
38680
3102
17721
55777
50217
22595
45777
13032
7304
58740
30944
50486
6729
35013
34171
23602
32097
17971
60735
18033
63085
18763
63209
24373
51274
32711
35131
42942
38913
59477
15308
12058
62579
33029
2299
47260
55624
48076
60293
62928
41281
25701
47879
48010
60714
16514
6076
27276
34485
1275
45309
32034
20038
42982
56408
5777
10157
26003
48719
49070
19944
64027
61128
16988
31521
63428
64248
21609
45968
59005
19002
21713
19171
1345
